 DIM    2
 N1C    2
 N1S    3
 N1P    4
 POINTS
     1   -0.25000        -0.25000
     2     0.0000          0.0000
     3    0.25000         0.25000
     4     0.0000          0.0000
 FINPOINTS
 NBRANDOMS
    40
    40
    40
 FINNBRANDOMS
 PSI
   0.0000          0.0000
   0.0000          0.0000
   0.0000          0.0000
  1.37701E-03    -1.01092E-03
 FINPSI
 LAMBDA
   1.0782
   1.0744
   1.0707
   1.0670
   1.0633
   1.0596
   1.0560
   1.0524
   1.0488
   1.0453
   1.0417
   1.0382
   1.0347
   1.0313
   1.0278
   1.0244
   1.0210
   1.0176
   1.0143
   1.0110
   1.0077
   1.0044
   1.0011
  0.99788
  0.99466
  0.99146
  0.98828
  0.98512
  0.98198
  0.97886
  0.97576
  0.97268
  0.96962
  0.96658
  0.96356
  0.96056
  0.95758
  0.95461
  0.95166
  0.94873
  0.94582
   1.0392
   1.0374
   1.0357
   1.0340
   1.0323
   1.0305
   1.0288
   1.0271
   1.0254
   1.0237
   1.0221
   1.0204
   1.0187
   1.0170
   1.0154
   1.0137
   1.0121
   1.0104
   1.0088
   1.0071
   1.0055
   1.0039
   1.0022
   1.0006
  0.99902
  0.99742
  0.99582
  0.99422
  0.99263
  0.99104
  0.98946
  0.98789
  0.98632
  0.98475
  0.98319
  0.98164
  0.98009
  0.97854
  0.97700
  0.97547
  0.97394
   1.0059
   1.0057
   1.0056
   1.0055
   1.0054
   1.0053
   1.0052
   1.0050
   1.0049
   1.0048
   1.0047
   1.0046
   1.0044
   1.0043
   1.0042
   1.0041
   1.0040
   1.0038
   1.0037
   1.0036
   1.0035
   1.0034
   1.0033
   1.0031
   1.0030
   1.0029
   1.0028
   1.0027
   1.0025
   1.0024
   1.0023
   1.0022
   1.0021
   1.0020
   1.0018
   1.0017
   1.0016
   1.0015
   1.0014
   1.0012
   1.0011
 FINLAMBDA
 PSI
   0.0000          0.0000
   0.0000          0.0000
   0.0000          0.0000
 -1.24869E-06    -2.51360E-07
 FINPSI
 LAMBDA
  -65.566
  -61.799
  -58.064
  -54.359
  -50.685
  -47.041
  -43.428
  -39.843
  -36.288
  -32.762
  -29.264
  -25.795
  -22.354
  -18.940
  -15.554
  -12.195
  -8.8636
  -5.5583
  -2.2794
  0.97340
   4.2004
   7.4018
   10.578
   13.729
   16.855
   19.957
   23.035
   26.088
   29.118
   32.124
   35.106
   38.066
   41.003
   43.917
   46.808
   49.677
   52.525
   55.350
   58.154
   60.937
   63.698
   1.0736
   1.0699
   1.0662
   1.0625
   1.0588
   1.0551
   1.0515
   1.0479
   1.0442
   1.0406
   1.0370
   1.0335
   1.0299
   1.0263
   1.0228
   1.0193
   1.0158
   1.0123
   1.0088
   1.0053
   1.0019
  0.99840
  0.99497
  0.99155
  0.98814
  0.98474
  0.98136
  0.97799
  0.97463
  0.97128
  0.96795
  0.96463
  0.96132
  0.95802
  0.95473
  0.95146
  0.94820
  0.94495
  0.94171
  0.93848
  0.93527
   1.1161
   1.1101
   1.1042
   1.0983
   1.0925
   1.0867
   1.0809
   1.0753
   1.0696
   1.0640
   1.0585
   1.0529
   1.0475
   1.0421
   1.0367
   1.0313
   1.0261
   1.0208
   1.0156
   1.0104
   1.0053
   1.0002
  0.99515
  0.99013
  0.98516
  0.98022
  0.97532
  0.97046
  0.96564
  0.96085
  0.95610
  0.95138
  0.94670
  0.94205
  0.93744
  0.93286
  0.92831
  0.92380
  0.91932
  0.91487
  0.91046
 FINLAMBDA
